-3.1878,55.9444,300,-3.18765,55.94414019237887,null
-3.18765,55.94414019237887,300,-3.1875,55.943880384757726,begins.spider.drips
-3.1875,55.943880384757726,220,-3.1877298133329357,55.94368754847483,null
-3.1877298133329357,55.94368754847483,220,-3.1879596266658714,55.94349471219192,scare.cubs.resort
-3.1879596266658714,55.94349471219192,330,-3.187699819044736,55.943344712191916,null
-3.187699819044736,55.943344712191916,330,-3.187440011423601,55.943194712191925,null
-3.187440011423601,55.943194712191925,310,-3.1872471751406946,55.94296489885899,null
-3.1872471751406946,55.94296489885899,340,-3.186965267354459,55.94286229281598,valve.elaborate.fortunate
-3.186965267354459,55.94286229281598,190,-3.1872607096803627,55.942810198362686,null
-3.1872607096803627,55.942810198362686,190,-3.187556152006266,55.942758103909384,panic.squad.danger
-3.187556152006266,55.942758103909384,170,-3.1878515943321704,55.942810198362686,null
-3.1878515943321704,55.942810198362686,170,-3.188147036658074,55.94286229281598,null
-3.188147036658074,55.94286229281598,160,-3.18842894444431,55.94296489885899,null
-3.18842894444431,55.94296489885899,150,-3.188688752065446,55.94311489885899,null
-3.188688752065446,55.94311489885899,190,-3.1889841943913493,55.94306280440569,null
-3.1889841943913493,55.94306280440569,190,-3.189279636717253,55.94301070995238,region.passes.pencil
-3.189279636717253,55.94301070995238,110,-3.1893822427602507,55.94329261773862,rents.cone.stove
-3.1893822427602507,55.94329261773862,240,-3.189532242760251,55.94303281011749,null
-3.189532242760251,55.94303281011749,230,-3.1897250790431566,55.94280299678455,hooked.shine.third
-3.1897250790431566,55.94280299678455,130,-3.189917915326062,55.94303281011749,shows.fries.lamp
-3.189917915326062,55.94303281011749,120,-3.190067915326063,55.94329261773862,arts.dish.scarcely
-3.190067915326063,55.94329261773862,190,-3.190363357651966,55.94324052328532,null
-3.190363357651966,55.94324052328532,190,-3.19065879997787,55.94318842883202,null
-3.19065879997787,55.94318842883202,210,-3.1909186075990053,55.94303842883202,null
-3.1909186075990053,55.94303842883202,170,-3.1912140499249095,55.94309052328532,else.urban.museum
-3.1912140499249095,55.94309052328532,80,-3.1911619554716095,55.94338596561122,null
-3.1911619554716095,55.94338596561122,70,-3.191059349428612,55.943667873397466,null
-3.191059349428612,55.943667873397466,100,-3.1911114438819115,55.94396331572338,spicy.bunch.shady
-3.1911114438819115,55.94396331572338,90,-3.1911114438819115,55.944263315723376,hills.giant.crate
-3.1911114438819115,55.944263315723376,80,-3.191059349428612,55.94455875804928,estate.gave.votes
-3.191059349428612,55.94455875804928,130,-3.1912521857115173,55.94478857138222,null
-3.1912521857115173,55.94478857138222,140,-3.191481999044453,55.94498140766512,null
-3.191481999044453,55.94498140766512,120,-3.191631999044454,55.94524121528626,hills.feels.tunes
-3.191631999044454,55.94524121528626,110,-3.1917346050874507,55.945523123072505,null
-3.1917346050874507,55.945523123072505,130,-3.1919274413703573,55.945752936405434,null
-3.1919274413703573,55.945752936405434,80,-3.1918753469170564,55.946048378731334,stone.undulation.poems
-3.1918753469170564,55.946048378731334,350,-3.1915799045911535,55.94599628427804,null
-3.1915799045911535,55.94599628427804,0,-3.191279904591153,55.94599628427804,simple.rust.audio
-3.191279904591153,55.94599628427804,350,-3.1909844622652495,55.945944189824736,null
-3.1909844622652495,55.945944189824736,350,-3.190689019939345,55.94589209537144,null
-3.190689019939345,55.94589209537144,350,-3.1903935776134413,55.94584000091813,null
-3.1903935776134413,55.94584000091813,350,-3.1900981352875375,55.94578790646483,null
-3.1900981352875375,55.94578790646483,0,-3.1897981352875373,55.94578790646483,null
-3.1897981352875373,55.94578790646483,350,-3.1895026929616335,55.94573581201153,null
-3.1895026929616335,55.94573581201153,0,-3.1892026929616333,55.94573581201153,null
-3.1892026929616333,55.94573581201153,350,-3.1889072506357294,55.94568371755822,stops.else.chats
-3.1889072506357294,55.94568371755822,240,-3.189057250635729,55.94542390993709,null
-3.189057250635729,55.94542390993709,250,-3.189159856678727,55.94514200215085,number.exist.rate
-3.189159856678727,55.94514200215085,270,-3.189159856678727,55.94484200215085,null
-3.189159856678727,55.94484200215085,270,-3.189159856678727,55.944542002150854,null
-3.189159856678727,55.944542002150854,270,-3.189159856678727,55.94424200215084,spoon.invest.every
-3.189159856678727,55.94424200215084,0,-3.188859856678727,55.94424200215084,null
-3.188859856678727,55.94424200215084,10,-3.188564414352823,55.94429409660415,trades.rare.cable
-3.188564414352823,55.94429409660415,50,-3.1883715780699173,55.94452390993708,null
-3.1883715780699173,55.94452390993708,50,-3.188178741787012,55.94475372327002,null
-3.188178741787012,55.94475372327002,60,-3.188028741787011,55.94501353089115,agents.mile.crib
-3.188028741787011,55.94501353089115,120,-3.188178741787012,55.945273338512294,null
-3.188178741787012,55.945273338512294,120,-3.1883287417870116,55.94553314613342,skills.less.herb
-3.1883287417870116,55.94553314613342,20,-3.1880468340007755,55.94563575217642,null
-3.1880468340007755,55.94563575217642,30,-3.1877870263796404,55.94578575217641,null
-3.1877870263796404,55.94578575217641,20,-3.1875051185934047,55.94588835821942,slips.mass.baking
-3.1875051185934047,55.94588835821942,340,-3.1872232108071694,55.94578575217641,null
-3.1872232108071694,55.94578575217641,330,-3.1869634031860334,55.94563575217642,null
-3.1869634031860334,55.94563575217642,0,-3.1866634031860332,55.94563575217642,hidden.handle.softly
-3.1866634031860332,55.94563575217642,280,-3.1866113087327332,55.945340309850515,null
-3.1866113087327332,55.945340309850515,280,-3.186559214279433,55.94504486752461,laws.merit.bleak
-3.186559214279433,55.94504486752461,40,-3.186329400946497,55.94523770380752,null
-3.186329400946497,55.94523770380752,40,-3.1860995876135614,55.94543054009042,null
-3.1860995876135614,55.94543054009042,30,-3.1858397799924263,55.94558054009042,null
-3.1858397799924263,55.94558054009042,40,-3.1856099666594906,55.94577337637332,shed.desire.muddy
-3.1856099666594906,55.94577337637332,340,-3.185328058873255,55.945670770330324,null
-3.185328058873255,55.945670770330324,340,-3.1850461510870187,55.94556816428732,null
-3.1850461510870187,55.94556816428732,330,-3.1847863434658836,55.945418164287325,null
-3.1847863434658836,55.945418164287325,340,-3.184504435679648,55.945315558244324,settle.title.united
-3.184504435679648,55.945315558244324,230,-3.1846972719625537,55.94508574491139,null
-3.1846972719625537,55.94508574491139,220,-3.1849270852954894,55.94489290862848,null
-3.1849270852954894,55.94489290862848,230,-3.1851199215783947,55.944663095295546,acid.chair.butter
-3.1851199215783947,55.944663095295546,300,-3.184969921578395,55.94440328767441,null
-3.184969921578395,55.94440328767441,300,-3.184819921578395,55.94414348005328,null
-3.184819921578395,55.94414348005328,300,-3.184669921578395,55.943883672432136,rider.mile.lime
-3.184669921578395,55.943883672432136,220,-3.1848997349113306,55.94369083614924,null
-3.1848997349113306,55.94369083614924,260,-3.1849518293646306,55.94339539382334,sentences.sings.modern
-3.1849518293646306,55.94339539382334,130,-3.185144665647537,55.943625207156266,null
-3.185144665647537,55.943625207156266,120,-3.1852946656475365,55.94388501477741,null
-3.1852946656475365,55.94388501477741,160,-3.185576573433772,55.9439876208204,manliness.poem.cliff
-3.185576573433772,55.9439876208204,190,-3.185872015759676,55.9439355263671,teams.mild.played
-3.185872015759676,55.9439355263671,170,-3.1861674580855803,55.9439876208204,null
-3.1861674580855803,55.9439876208204,170,-3.1864629004114837,55.94403971527371,lime.learns.front
-3.1864629004114837,55.94403971527371,180,-3.1867629004114844,55.94403971527371,null
-3.1867629004114844,55.94403971527371,180,-3.187062900411484,55.94403971527371,null
-3.187062900411484,55.94403971527371,150,-3.1873227080326196,55.944189715273694,null
-3.1873227080326196,55.944189715273694,140,-3.1875525213655553,55.94438255155661,null
-3.1875525213655553,55.94438255155661,180,-3.187852521365556,55.94438255155661,null